1	57	3
5	54	11
17	43	5
25	38	4
58	104	8
67	94	3
70	90	4
106	343	9
125	223	7
134	178	8
143	167	2
146	164	2
148	160	3
228	334	6
236	282	3
243	277	4
248	270	7
283	299	3
286	295	3
312	325	5
363	750	5
382	537	4
399	484	9
501	526	6
510	518	2
547	565	4
582	657	2
586	652	8
595	625	4
599	616	5
628	636	3
678	741	4
683	691	2
693	722	6
702	714	2
752	1172	5
760	1010	4
765	1005	2
769	1001	5
795	849	9
821	831	4
855	994	2
871	913	2
874	911	6
915	970	3
921	964	5
926	935	3
946	957	2
979	991	5
1026	1068	2
1028	1064	5
1076	1100	3
1080	1097	5
1102	1142	5
1110	1137	3
1116	1132	6
1177	1312	5
1183	1306	5
1193	1299	6
1200	1206	2
1214	1247	5
1223	1239	6
1249	1263	4
1341	1795	2
1346	1790	4
1350	1727	2
1353	1724	5
1360	1394	4
1375	1387	5
1396	1558	4
1401	1554	3
1405	1414	2
1418	1457	3
1421	1443	7
1459	1522	6
1465	1515	3
1469	1511	3
1477	1504	3
1481	1500	4
1531	1541	3
1568	1707	10
1583	1694	3
1590	1683	6
1598	1640	2
1604	1636	8
1615	1625	3
1645	1672	12
1729	1757	6
1737	1749	3
1760	1785	4
1767	1779	2
1796	1946	7
1809	1920	2
1811	1917	1
1813	1916	6
1823	1849	6
1829	1842	3
1862	1881	5
1922	1930	3
1948	2545	7
1991	2326	9
2015	2121	8
2024	2112	10
2042	2070	7
2051	2062	3
2072	2082	3
2135	2144	3
2145	2171	6
2201	2238	7
2245	2260	4
2268	2310	5
2273	2301	5
2279	2296	1
2328	2348	3
2333	2343	3
2352	2520	8
2363	2376	4
2378	2429	8
2391	2421	3
2432	2484	6
2448	2472	4
2486	2497	2
2547	2778	9
2558	2576	3
2596	2712	5
2603	2705	4
2619	2666	4
2625	2661	4
2629	2654	10
2667	2686	3
2671	2683	3
2714	2725	4
2727	2745	4
2731	2740	2
2781	2802	7
2811	2835	2
2814	2833	6
2846	3381	6
2852	3374	5
2876	3273	5
2892	3176	5
2908	3160	4
2925	3129	3
2939	3088	5
2946	2953	2
2972	3038	5
2995	3006	4
3015	3023	3
3040	3058	3
3044	3055	2
3089	3105	2
3093	3101	3
3140	3149	3
3178	3190	3
3205	3223	3
3243	3256	4
3285	3334	1
3287	3332	6
3297	3322	5
3336	3358	5
3344	3351	2
3393	3402	2
3404	3943	4
3410	3936	4
3414	3931	7
3423	3924	4
3427	3496	4
3432	3439	2
3458	3468	3
3497	3917	5
3523	3653	6
3532	3644	2
3535	3550	3
3581	3593	4
3606	3639	2
3609	3636	6
3692	3907	6
3699	3800	4
3704	3759	7
3818	3899	9
3840	3890	6
3857	3872	4
3945	4518	4
3958	3970	4
3996	4016	3
4001	4011	3
4018	4045	4
4057	4068	2
4072	4095	6
4078	4088	2
4099	4129	4
4136	4513	6
4158	4175	6
4194	4360	2
4199	4354	4
4204	4349	8
4280	4299	4
4301	4316	4
4362	4503	7
4447	4488	4
4456	4479	2
4458	4473	3
4490	4496	2
4539	5135	3
4551	5036	10
4573	4586	4
4588	4934	9
4601	4914	8
4614	4902	2
4642	4674	3
4646	4670	4
4694	4732	3
4698	4728	4
4754	4770	6
4797	4899	7
4807	4822	3
4829	4891	9
4840	4856	6
4938	4999	6
4951	4985	5
4960	4980	6
5010	5022	4
5070	5100	6
5083	5094	4
5114	5132	4
5139	5675	2
5143	5673	7
5154	5204	4
5166	5194	5
5206	5396	2
5209	5394	5
5216	5384	8
5234	5265	3
5239	5261	5
5267	5297	6
5273	5283	4
5303	5343	4
5307	5337	4
5311	5331	6
5349	5370	2
5352	5367	1
5355	5364	3
5404	5419	5
5425	5438	3
5440	5450	3
5473	5650	5
5499	5519	3
5503	5515	4
5530	5581	5
5536	5576	3
5542	5571	2
5545	5568	3
5549	5565	2
5600	5644	2
5605	5639	6
5612	5632	1
5614	5631	4
5725	6314	3
5745	6243	10
5763	6147	4
5770	6142	6
5793	6013	7
5803	6004	5
5816	5830	6
5846	5861	6
5867	5997	7
5874	5989	5
5887	5894	2
5896	5980	6
5904	5913	2
5915	5973	3
5927	5962	4
5931	5952	4
5936	5947	4
6024	6135	3
6048	6066	5
6072	6125	3
6076	6121	2
6078	6118	2
6083	6113	3
6092	6102	3
6149	6159	2
6185	6200	2
6270	6290	6
6328	6798	3
6332	6375	6
6381	6780	4
6385	6775	3
6393	6767	2
6398	6704	5
6416	6695	4
6421	6521	8
6432	6513	6
6456	6467	4
6475	6497	5
6536	6598	2
6538	6595	4
6543	6590	3
6546	6586	6
6552	6579	4
6618	6635	4
6623	6630	2
6706	6762	2
6711	6757	9
6839	7188	4
6846	7179	2
6850	7176	5
6864	7113	5
6870	6886	6
6893	7077	1
6894	7075	1
6895	7073	7
6904	7056	10
6923	7040	4
6938	6956	5
6964	6973	3
6983	7016	3
6988	7009	2
6991	7007	4
7079	7099	7
7114	7136	7
7150	7170	5
7245	7599	1
7247	7597	5
7256	7590	8
7272	7578	11
7283	7566	3
7291	7557	7
7305	7538	7
7312	7530	3
7316	7526	5
7321	7520	4
7325	7515	4
7333	7508	4
7337	7503	5
7343	7408	6
7350	7378	1
7353	7375	3
7356	7371	2
7358	7368	4
7383	7399	6
7411	7428	5
7438	7464	3
7443	7459	7
7468	7493	9
7540	7546	2
7601	7616	4
7627	7636	2
7638	7778	4
7644	7774	3
7647	7692	6
7705	7770	6
7712	7764	2
7716	7760	2
7732	7743	3
7792	8218	12
7831	7843	4
7858	7888	3
7863	7883	3
7890	8159	4
7896	8152	7
7916	8131	9
7928	8118	4
7934	8112	3
7939	8107	2
7941	8051	2
7944	8049	5
7949	8043	3
7954	8039	3
7969	8024	4
7991	8015	5
7997	8009	3
8053	8077	5
8059	8071	3
8083	8099	3
8169	8205	4
8173	8194	3
8226	8268	5
8275	8348	5
8282	8341	5
8290	8308	3
8309	8326	2
8358	8684	5
8371	8412	1
8373	8411	6
8379	8404	1
8382	8401	2
8417	8641	7
8432	8528	4
8440	8519	3
8455	8505	3
8461	8498	11
8530	8631	2
8533	8628	10
8546	8617	4
8551	8565	3
8578	8597	3
8648	8667	3
8651	8663	4
8669	8679	3
8686	9009	7
8694	8999	4
8700	8803	6
8723	8751	11
8753	8773	8
8779	8790	3
8807	8994	6
8817	8985	5
8830	8973	4
8838	8965	2
8840	8935	2
8845	8932	4
8851	8859	2
8867	8906	10
8878	8896	4
8884	8890	1
8912	8927	5
8949	8961	3
9011	9139	5
9020	9037	4
9025	9033	2
9042	9057	5
9059	9067	2
9074	9134	5
9080	9129	11
9092	9118	5
9100	9113	4
9141	9170	4
9145	9165	5
